2344
0
2399
883
1033
1674
15
4362
1670
2482
530
284
3337
424
4032
9414
5085
5531
25
6143
2126
6781
8607
1030
9346
15856
3176
11384
10477
2072
12
13045
157
7
1235
7252
967
19488
6844
50182
20393
1606
18918
6370
19261
1
73
20047
20354
6917
7346
10737
5294
22826
24962
1023
3594
25834
26862
13687
1109
5065
3796
3013
13386
2663
34870
28
152
22143
3863
1323
5957
38318
38472
8
40661
19504
41349
41960
42030
42134
42191
2918
43267
3615
20583
44923
37939
38344
47548
20206
17223
49820
50154
50678
50945
2199
53393
54586
